/**
 * This file is automatically generated. It is a static representation of
 * all positions to place vegetation on the map.
 */

const VEGETATION_POINTS = [
    new CFrame(-585.380188, 43.1625061, -538.02771, 0.921306968, -0.215876058, 0.323405415, 0.19222796, 0.97584796, 0.103774585, -0.33799693, -0.0334406793, 0.94055289),
    new CFrame(-621.438293, 39.0018463, -482.3284, 0.548864305, 0.0745809674, -0.832577705, -0.319091409, 0.939281583, -0.126216859, 0.772611558, 0.334944338, 0.539336264),
    new CFrame(-622.380249, 36.951355, -452.044464, -0.690833271, -0.253771156, -0.677015245, -0.426312745, 0.899258435, 0.0979374871, 0.58395797, 0.356278688, -0.729423523),
    new CFrame(-618.419556, 38.9018555, -476.946503, -0.0481114313, 0.0221765991, -0.998595774, 0.198674172, 0.979989767, 0.0121914605, 0.978883982, -0.197808683, -0.0515546314),
    new CFrame(-620.603821, 38.3270721, -471.224823, 0.576385438, -0.265691727, 0.772779167, 0.626118183, 0.75128001, -0.208696783, -0.52512449, 0.604140878, 0.599381328),
    new CFrame(-617.49585, 38.3932495, -466.511536, -0.435337156, 0.133622736, 0.890295744, 0.0658418089, 0.991000891, -0.116542019, -0.897856534, 0.00788360834, -0.440217465),
    new CFrame(-619.5177, 37.6159058, -461.887329, -0.796041667, 0.300153553, 0.525571585, 0.527114689, 0.77055949, 0.358312994, -0.297435224, 0.562268615, -0.771612823),
    new CFrame(-618.369995, 37.5635986, -453.812378, 0.898422539, -0.365374863, -0.243594125, 0.433996558, 0.823367357, 0.365667909, 0.0669616014, -0.434243321, 0.89830327),
    new CFrame(-619.59906, 38.3601227, -440.274048, 0.733180106, -0.0977450162, -0.672973156, 0.214297518, 0.972403884, 0.0922340527, 0.645386279, -0.211840644, 0.733893752),
    new CFrame(-615.970032, 39.4864807, -482.32309, 0.948675096, -0.309486985, -0.0650643855, 0.305098057, 0.949794769, -0.0693187639, 0.083251074, 0.045909971, 0.995470524),
    new CFrame(-614.356506, 39.4355774, -478.957397, 0.0110685006, -0.00216239295, -0.999936402, 0.159323707, 0.987226307, -0.000371320319, 0.987164319, -0.159309462, 0.011271636),
    new CFrame(-613.40271, 38.8724823, -454.221497, -0.985802829, 0.10628216, -0.129987821, 0.0794475228, 0.977272868, 0.196534485, 0.147921681, 0.183417052, -0.971842229),
    new CFrame(-609.316162, 40.6409149, -489.710297, 0.474430472, 0.0768482462, 0.876932204, -0.287020564, 0.955247045, 0.0715702474, -0.832186818, -0.285652697, 0.47525534),
    new CFrame(-609.563354, 40.418396, -483.586212, -0.469560325, -0.130077228, 0.873265684, -0.380732447, 0.922229111, -0.0673516095, -0.796590149, -0.364106238, -0.482566833),
    new CFrame(-612.14856, 39.350296, -473.194092, 0.657570362, 0.214962155, -0.722075105, -0.166542962, 0.976194978, 0.1389485, 0.734754801, 0.0288881063, 0.677717388),
    new CFrame(-611.152039, 39.3189697, -470.356049, -0.939944685, 0.0966237485, 0.327365071, 0.033462666, 0.980561197, -0.193339035, -0.339682639, -0.170773506, -0.924906552),
    new CFrame(-612.715027, 39.0009918, -463.918762, -0.999516308, 0.0208743792, -0.0230505634, 0.0151707288, 0.974349082, 0.224529967, 0.0271462202, 0.224071681, -0.974194527),
    new CFrame(-611.951172, 39.0562286, -459.439758, -0.815560281, -0.0323778391, 0.577765524, -0.220912039, 0.940235257, -0.25914371, -0.534844995, -0.338982701, -0.7739712),
    new CFrame(-610.122192, 39.7751007, -450.319397, -0.3800897, -0.0803942829, 0.921449184, -0.361392081, 0.929935753, -0.0679363385, -0.85142684, -0.358826339, -0.382512838),
    new CFrame(-607.70636, 40.8324738, -491.939667, 0.0659235194, -0.0100250281, 0.997774303, 0.505819559, 0.862284064, -0.0247560814, -0.860116661, 0.506325781, 0.0619156472),
    new CFrame(-608.530701, 39.4275665, -461.876709, -0.808719516, 0.0253505278, -0.587647855, 0.00742683932, 0.999431252, 0.0328936428, 0.588147521, 0.0222373661, -0.808447897),
    new CFrame(-606.402222, 39.9617462, -460.289764, 0.429893136, -0.140533239, -0.891875744, 0.18085365, 0.98119545, -0.0674340948, 0.884581149, -0.132309556, 0.447225153),
    new CFrame(-607.688538, 40.0273285, -453.648438, -0.853251398, -0.298089534, -0.427907199, -0.316292346, 0.948192298, -0.0298412796, 0.414633662, 0.109881654, -0.903329909),
    new CFrame(-608.444946, 41.1188049, -441.119019, 0.87852478, 0.00575491181, 0.477662086, 0.108619489, 0.971328497, -0.211477578, -0.465183824, 0.237671703, 0.852711022),
    new CFrame(-601.472717, 41.5731049, -509.958771, -0.586505115, -0.00448873686, -0.809933126, 0.326634705, 0.913751841, -0.241593435, 0.7411623, -0.406248063, -0.534453928),
    new CFrame(-601.991089, 41.8097382, -507.314392, 0.806794584, -0.00454655336, -0.59081459, 0.113361582, 0.982582927, 0.147241026, 0.579854906, -0.185768932, 0.793258011),
    new CFrame(-602.553711, 42.1082916, -500.447937, -0.967708647, 0.236761972, 0.0865084007, 0.251449615, 0.88260597, 0.397214949, 0.0176925585, 0.406140834, -0.913639188),
    new CFrame(-604.849304, 41.4395752, -496.975159, 0.549643993, -0.15448913, 0.820989966, -0.0246538222, 0.979324222, 0.200789019, -0.835035086, -0.13060306, 0.534470975),
    new CFrame(-604.488098, 41.4545593, -484.835114, 0.38367331, -0.0688690692, 0.920897305, -0.158547789, 0.977495611, 0.139157504, -0.90975678, -0.199397236, 0.364119977),
    new CFrame(-603.578918, 41.2118225, -480.173523, -0.988259137, -0.0661274567, -0.137735426, -0.00419858098, 0.912899613, -0.408162534, 0.152729377, -0.402792066, -0.902458966),
    new CFrame(-602.804565, 40.5896606, -470.173523, 0.975524306, 0.182731315, 0.122317776, -0.119084366, 0.906653821, -0.404719234, -0.184854761, 0.380247295, 0.906223297),
    new CFrame(-603.934448, 40.2943726, -464.414032, 0.736730576, 0.334111482, -0.587875485, -0.1771961, 0.934410334, 0.308996439, 0.652556181, -0.123477876, 0.74761194),
    new CFrame(-601.560669, 41.4915161, -460.660767, 0.909612119, 0.402751356, 0.101966195, -0.365850925, 0.892803013, -0.262784868, -0.196872681, 0.201727867, 0.959451437),
    new CFrame(-604.048157, 41.2560883, -455.4021, 0.715701103, -0.307575673, -0.627032042, 0.563122749, 0.785199583, 0.257593364, 0.413115859, -0.537455857, 0.73517108),
    new CFrame(-602.818176, 42.5032349, -452.24704, -0.00575844385, 0.000331073126, -0.99998337, -0.0797982961, 0.996810675, 0.00078954437, 0.996794403, 0.0798015147, -0.00571365934),
    new CFrame(-602.903687, 43.4038544, -445.029846, -0.903670728, 0.419743478, 0.0848209038, 0.428222179, 0.884727538, 0.184073165, 0.00222012401, 0.202663735, -0.979245842),
    new CFrame(-604.909546, 43.1668701, -437.317902, -0.983507097, -0.027557157, -0.178757921, -0.0810452849, 0.950697005, 0.299343973, 0.161695555, 0.308894396, -0.937250614),
    new CFrame(-598.448486, 42.1386566, -513.237061, -0.143409774, 0.028287651, -0.989259064, 0.15669091, 0.987632275, 0.00552614313, 0.977180481, -0.154215395, -0.146068528),
    new CFrame(-600.634644, 42.6182098, -494.399109, -0.789647102, 0.107746251, 0.604026675, 0.374333769, 0.864613414, 0.335138708, -0.486139655, 0.490748882, -0.723072529),
    new CFrame(-600.253723, 42.5875092, -488.399811, 0.5098418, 0.090002127, 0.85554719, 0.0618004799, 0.988110721, -0.140776023, -0.858045459, 0.124646708, 0.49821797),
    new CFrame(-599.430481, 42.5856323, -484.456329, 0.856731474, 0.245171562, -0.45376429, -0.138033643, 0.956692815, 0.256291896, 0.49694854, -0.156938612, 0.853470802),
    new CFrame(-597.868896, 42.2440948, -475.621368, 0.521578252, -0.0168955866, -0.853036165, -0.303891271, 0.930556655, -0.20424147, 0.797249258, 0.365758151, 0.480223656),
    new CFrame(-599.88324, 41.5065765, -470.10495, 0.382447273, 0.0606625676, -0.921983778, -0.148104012, 0.988965094, 0.00363475038, 0.91203028, 0.135159403, 0.387211412),
    new CFrame(-600.030212, 45.2634735, -439.564484, -0.021706786, -0.00487968978, -0.999752462, -0.168483168, 0.985703886, -0.00115298654, 0.985465467, 0.16841644, -0.0222186074),
    new CFrame(-596.085388, 43.45578, -501.70697, 0.874184251, 0.10031984, -0.475118786, -0.131650731, 0.990745544, -0.0330350138, 0.467407763, 0.0914284214, 0.87930131),
    new CFrame(-593.131714, 44.0198669, -493.793182, 0.889032602, -0.322291851, -0.325190574, 0.293206185, 0.946288824, -0.136262625, 0.351640582, 0.0257940441, 0.935779631),
    new CFrame(-596.411987, 43.1841278, -489.310638, 0.0769934505, -0.0290580373, -0.996608078, 0.304602712, 0.952470064, -0.00423887465, 0.949362516, -0.30324316, 0.0821851119),
    new CFrame(-593.605835, 43.4924927, -486.62149, 0.173901394, 0.0665295944, 0.982513189, -0.6737082, 0.735729098, 0.0694250613, -0.718244731, -0.674000263, 0.172765866),
    new CFrame(-594.823792, 42.9175262, -474.525269, 0.935494184, -0.342712998, -0.0860133246, 0.345927387, 0.838707328, 0.420599759, -0.0720050037, -0.423223019, 0.903159678),
    new CFrame(-594.735413, 42.9955902, -470.881775, 0.457667649, 0.212591216, 0.863333821, -0.0533992052, 0.975813746, -0.211980984, -0.887518287, 0.0509154797, 0.457950622),
    new CFrame(-593.942444, 43.3971558, -466.575989, 0.550445139, -0.0258228965, 0.834471881, -0.106116906, 0.9892506, 0.100610755, -0.828099847, -0.143932268, 0.541787863),
    new CFrame(-589.441345, 43.8076019, -510.039673, 0.872778475, 0.379215449, -0.307332784, -0.463398576, 0.841543615, -0.277607828, 0.153360739, 0.384707749, 0.910209),
    new CFrame(-592.741516, 43.4913177, -507.580536, -0.524829447, -0.0984239429, 0.845497966, -0.259025097, 0.964652598, -0.0484910831, -0.810839057, -0.244454771, -0.531772375),
    new CFrame(-591.143677, 44.0766754, -488.551697, 0.0736728236, 0.0337259136, -0.996712029, -0.731500506, 0.68113482, -0.0310218204, 0.677848935, 0.73138082, 0.074851647),
    new CFrame(-589.291809, 44.8842773, -466.070374, -0.4666363, -0.180104181, 0.865917444, -0.436123788, 0.898599029, -0.048122067, -0.769445598, -0.400102675, -0.49786666),
    new CFrame(-585.92157, 43.3179474, -530.152893, 0.898741186, -0.10557656, -0.425579429, 0.0704551339, 0.992739677, -0.0974885225, 0.432782084, 0.0576326959, 0.899654448),
    new CFrame(-585.209473, 43.5626831, -523.981384, -0.845850945, 0.175848871, 0.503600359, 0.239818394, 0.968668878, 0.0645577237, -0.476469576, 0.175378844, -0.861521304),
    new CFrame(-588.487671, 44.3816071, -477.554169, -0.952106416, 0.0801042169, -0.295087516, 0.193209454, 0.905603945, -0.377560079, 0.236988246, -0.416491091, -0.877708197),
    new CFrame(-586.279602, 46.4177551, -469.204498, 0.758317411, 0.281828016, 0.587816, -0.13733387, 0.950546265, -0.278569967, -0.637255132, 0.130517408, 0.759520352),
    new CFrame(-645.718445, 36.8670959, -381.604156, 0.743113279, 0.173915222, 0.646170378, 0.0323003978, 0.955187798, -0.294232845, -0.668385625, 0.239519894, 0.704195201),
    new CFrame(-647.782227, 36.3703766, -376.52301, -0.152206555, -0.0364078917, -0.987677872, -0.0688609183, 0.997283399, -0.0261501297, 0.985946834, 0.0640321672, -0.154300168),
    new CFrame(-644.72876, 35.7335968, -362.541962, -0.992441595, -0.120789215, -0.0216707028, -0.108663917, 0.94703275, -0.302193731, 0.0570246093, -0.297554821, -0.953000128),
    new CFrame(-641.584106, 36.0323029, -358.888794, 0.0514546521, -0.0208332408, 0.998458028, 0.12170361, 0.992461503, 0.0144362319, -0.991231918, 0.120773122, 0.0536022373),
    new CFrame(-640.813965, 37.0968628, -370.820709, 0.670788467, -0.150704026, 0.726175725, 0.2248151, 0.974386156, -0.00545247318, -0.70675391, 0.16691272, 0.687487543),
    new CFrame(-635.224731, 36.4872589, -415.792297, -0.973765433, -0.0283901766, 0.225776181, -0.0755927712, 0.976198792, -0.203277305, -0.214631349, -0.215011448, -0.952734709),
    new CFrame(-635.736328, 38.6319122, -376.700836, -0.686484993, -0.141455099, -0.713252246, -0.064440161, 0.988871038, -0.134095132, 0.72428292, -0.0460922122, -0.687960505),
    new CFrame(-633.90802, 38.7045593, -370.616394, 0.956800997, 0.290506601, 0.011736677, -0.280820042, 0.912933886, 0.296128005, 0.0753123388, -0.286631495, 0.955076098),
    new CFrame(-635.112183, 37.8583069, -361.577118, -0.999981225, 0.00282580615, -0.00544155156, 0.0047557205, 0.917622328, -0.397424996, 0.00387024321, -0.397443384, -0.917618513),
    new CFrame(-633.016235, 38.4725342, -360.365631, 0.24835366, 0.024175439, -0.968367696, 0.245632812, 0.965441942, 0.0870989338, 0.9370085, -0.259494185, 0.233832777),
    new CFrame(-635.909058, 37.3067932, -352.439117, 0.0913071781, 0.0389242731, -0.995061755, -0.625457883, 0.779794455, -0.0268886499, 0.774897039, 0.624824405, 0.0955463275),
    new CFrame(-630.209351, 37.238678, -417.404968, 0.869731903, -0.31011349, 0.383922011, 0.362290353, 0.929434836, -0.0699756294, -0.335130095, 0.199951291, 0.920710206),
    new CFrame(-629.597412, 39.4210968, -376.425507, -0.829873979, -0.232993513, 0.506974578, -0.184888065, 0.972134113, 0.144123882, -0.526427209, 0.0258711278, -0.849826515),
    new CFrame(-631.549866, 39.2965088, -371.20929, -0.57709837, -0.242343336, 0.779889166, -0.21746175, 0.966079772, 0.139284149, -0.787189782, -0.089215368, -0.610223532),
    new CFrame(-632.551147, 38.427063, -355.6763, -0.824644446, 0.145170659, 0.546705723, -0.0495700091, 0.944241166, -0.325501859, -0.563475311, -0.295523465, -0.77146709),
    new CFrame(-629.302002, 38.9989624, -343.110596, -0.0797286257, -0.01243784, -0.99673903, -0.140032023, 0.990146339, -0.00115448458, 0.986931801, 0.139483333, -0.0806847066),
    new CFrame(-627.659668, 39.4470825, -382.210907, -0.728280067, -0.29421109, -0.618908703, -0.279232413, 0.952175736, -0.124059081, 0.625809431, 0.0824696422, -0.77560389),
    new CFrame(-626.582581, 39.6535492, -380.028015, 0.439005554, -0.0579277314, -0.896615028, 0.0251665339, 0.998320699, -0.0521764718, 0.898131907, 0.000341072679, 0.439726174),
    new CFrame(-625.596924, 39.877243, -357.428558, 0.940023184, -0.331987947, 0.0783611536, 0.317278773, 0.935323179, 0.156539679, -0.12526229, -0.122288592, 0.984558225),
    new CFrame(-627.97406, 39.2404327, -346.320343, 0.935367823, 0.158414423, 0.316215008, -0.0242206305, 0.920672119, -0.38958472, -0.352846146, 0.356746078, 0.865003943),
    new CFrame(-621.335815, 40.0147095, -387.027893, 0.00921912957, 0.000509196136, -0.999957383, 0.175072908, 0.984553218, 0.00211544055, 0.984512329, -0.175084949, 0.0089875767),
    new CFrame(-621.68335, 40.6628571, -379.434479, 0.103723235, -0.00879503042, 0.994567335, -0.303798169, 0.951892138, 0.0401007012, -0.947073519, -0.306307077, 0.096061416),
    new CFrame(-624.987915, 40.4048157, -366.579773, -0.763760924, -0.112244546, -0.635665357, -0.0102336854, 0.986747205, -0.16194196, 0.645418108, -0.117179736, -0.754787624),
    new CFrame(-623.50116, 40.515625, -362.84729, 0.994407833, 0.0882971138, -0.0579366386, -0.0908171907, 0.994964302, -0.0424057357, 0.0539005883, 0.0474302396, 0.997419238),
    new CFrame(-622.159729, 40.8056335, -356.673004, 0.680490077, 0.00682375953, -0.732725561, -0.199175522, 0.964029908, -0.175998583, 0.705168307, 0.265706301, 0.657371879),
    new CFrame(-624.735107, 40.0774231, -352.705627, -0.555318654, 0.0664777309, -0.828976452, 0.136015579, 0.990637898, -0.0116729783, 0.820439517, -0.119235933, -0.559161723),
    new CFrame(-620.511108, 38.5344849, -434.977936, 0.366957366, 0.0476034991, -0.929018915, 0.141882077, 0.984140992, 0.106470622, 0.919353962, -0.170881331, 0.354383677),
    new CFrame(-617.870117, 39.8051758, -396.220978, -0.366735607, 0.107861102, 0.924051404, 0.177571535, 0.983111143, -0.0442807116, -0.913221419, 0.147845894, -0.379694909),
    new CFrame(-618.660767, 42.1136322, -367.098206, 0.921431601, 0.290805191, 0.257674634, -0.295761406, 0.955047965, -0.0202153437, -0.251970351, -0.057583157, 0.966020286),
    new CFrame(-620.724854, 41.3471375, -364.848419, 0.301028997, -0.0522406101, -0.952183008, 0.207074925, 0.978253961, 0.0117949676, 0.930860639, -0.200723842, 0.305300534),
    new CFrame(-616.520874, 39.1135101, -430.526947, 0.756001294, 0.217606544, -0.617340684, -0.219211951, 0.972831547, 0.0744645596, 0.616772473, 0.0790331513, 0.783163846),
    new CFrame(-614.107422, 39.297287, -422.043457, -0.671630263, 0.13810882, 0.727900207, -0.0367444605, 0.975053668, -0.218906656, -0.739974737, -0.173770651, -0.649800837),
    new CFrame(-615.650452, 39.7549133, -399.420868, -0.232822776, 0.103825957, 0.966961086, 0.61453867, 0.786323905, 0.0635369644, -0.753747821, 0.609027863, -0.24687919),
    new CFrame(-614.67334, 40.6230469, -393.6315, -0.326125324, -0.0426773988, 0.9443627, -0.451913953, 0.884475112, -0.116092578, -0.830310762, -0.464631408, -0.307736278),
    new CFrame(-614.162109, 43.5227356, -369.365997, -0.423852295, 0.0275821686, -0.905311227, 0.297173709, 0.948438644, -0.110235862, 0.855591595, -0.315758407, -0.410194606),
    new CFrame(-615.360291, 43.1079559, -360.835114, 0.457818389, 0.0428319797, 0.888013363, -0.141601369, 0.989601135, 0.0252711736, -0.877696633, -0.137313515, 0.459122688),
    new CFrame(-614.67334, 43.4752808, -354.491974, -0.52593559, -0.185927942, -0.829953372, -0.331162512, 0.943572521, -0.00152581511, 0.783404887, 0.274046957, -0.557830691),
    new CFrame(-616.731079, 42.987915, -351.128815, -0.748911083, 0.23115164, 0.621048391, 0.437888235, 0.876046598, 0.201980621, -0.497379214, 0.42321533, -0.757299662),
    new CFrame(-613.117798, 43.8111877, -348.595428, -0.868678212, -0.358733326, 0.341626316, -0.289505273, 0.92723757, 0.23752296, -0.401976168, 0.107428387, -0.909326255),
    new CFrame(-610.712952, 40.2102814, -432.901276, 0.994797647, -0.0966997743, 0.0320419893, 0.0936141759, 0.991817296, 0.0868033469, -0.0401736647, -0.0833521858, 0.995710075),
    new CFrame(-609.07489, 40.0468292, -416.46814, -0.527852595, 0.223922729, -0.819286406, 0.512596965, 0.853122711, -0.0970870033, 0.677211881, -0.471211374, -0.56510514),
    new CFrame(-609.031067, 40.1636353, -411.080933, -0.106664285, -0.0153623531, 0.994176388, -0.332070708, 0.94301939, -0.0210557096, -0.937204182, -0.332382768, -0.105687886),
    new CFrame(-611.361938, 44.0298004, -379.537842, -0.737119317, 0.164465547, -0.655443549, 0.278140396, 0.957803011, -0.0724655166, 0.615867734, -0.235721052, -0.751759648),
    new CFrame(-611.601807, 44.2461243, -375.063232, -0.818145454, -0.168963209, 0.549626589, -0.0338989943, 0.968364, 0.247228876, -0.574011207, 0.183637396, -0.797990263),
    new CFrame(-610.238708, 44.670578, -369.478607, 0.91270113, 0.333685637, -0.235861495, -0.21935305, 0.887077153, 0.406175315, 0.344762206, -0.31897971, 0.882831216),
    new CFrame(-611.587891, 44.0564728, -360.956268, 0.232979119, 0.000999628566, -0.972481251, -0.231434733, 0.971325636, -0.0544468015, 0.944541574, 0.237750903, 0.226529941),
    new CFrame(-610.112793, 44.8388977, -352.524811, 0.95469588, -0.15313749, 0.255156219, 0.159896746, 0.987116516, -0.00583258038, -0.250975728, 0.0463669859, 0.966882288),
    new CFrame(-608.608826, 40.2851105, -427.900635, 0.78020072, -0.0590352677, 0.622737288, -0.0807792619, 0.977691948, 0.193889678, -0.620291591, -0.201577112, 0.758027077),
    new CFrame(-608.877136, 40.1101074, -422.756958, 0.94858551, 0.0252210032, 0.315514594, -0.0306248758, 0.999456704, 0.0121801347, -0.315035999, -0.0212164931, 0.948842585),
    new CFrame(-605.740173, 41.0542908, -410.123352, 0.620383739, 0.283203095, -0.731382251, -0.434045941, 0.900681496, -0.0194142871, 0.653244257, 0.329497814, 0.681691349),
    new CFrame(-607.318054, 44.2617645, -385.957947, 0.741002738, 0.0440359116, -0.670056522, -0.085183911, 0.995950341, -0.0287497099, 0.666077018, 0.0783816501, 0.741753101),
    new CFrame(-607.313782, 46.0080872, -360.588043, 0.746895194, -0.322565049, -0.581463158, 0.431830943, 0.900259256, 0.0552748032, 0.505637884, -0.292378277, 0.811692894),
    new CFrame(-606.625427, 46.4524689, -347.940002, 0.135690615, -0.0211102739, 0.990526319, -0.0505359918, 0.998324096, 0.0281993039, -0.989461541, -0.0538836122, 0.134396359),
    new CFrame(-605.393616, 45.5150757, -342.86615, -0.502935946, -0.141872793, 0.852600455, -0.547313452, 0.815743268, -0.187112033, -0.668956995, -0.56074506, -0.487915516),
    new CFrame(-605.570618, 44.8767242, -338.094666, 0.556737065, -0.228760436, 0.798569083, 0.485248506, 0.869821906, -0.089128159, -0.67422384, 0.437125385, 0.595267713),
    new CFrame(-602.835449, 42.9243011, -428.875732, 0.885745585, -0.377544343, 0.270027995, 0.401341259, 0.915185153, -0.0368972495, -0.23319526, 0.141054958, 0.962145269),
    new CFrame(-604.08551, 41.7016907, -418.669373, -0.903727293, -0.376716375, -0.203375816, -0.381525069, 0.924209952, -0.0165722147, 0.194204986, 0.0626162142, -0.978960514),
    new CFrame(-601.352112, 43.5665436, -397.397278, 0.965004981, -0.248284921, -0.0843794197, 0.261647701, 0.890191913, 0.372959554, -0.0174863562, -0.381985515, 0.924002826),
    new CFrame(-604.163086, 44.3308258, -388.875366, -0.806216598, -0.326132596, -0.493611574, -0.32880798, 0.940615356, -0.0844284743, 0.491833508, 0.0942357853, -0.865574658),
    new CFrame(-597.209595, 45.3434906, -429.82309, 0.741441607, -0.242165759, -0.625795543, 0.177830845, 0.970174134, -0.16473715, 0.647024333, 0.0108572245, 0.762392044),
    new CFrame(-598.949341, 43.7520752, -415.021759, -0.963751674, -0.26286158, -0.0456778891, -0.26675272, 0.952602208, 0.146260396, 0.0050666146, 0.153143406, -0.988191009),
    new CFrame(-599.939087, 43.2485809, -407.822815, -0.955575287, 0.105053283, -0.275390059, 0.204228044, 0.909676194, -0.361635387, 0.212524787, -0.401812255, -0.890718877),
    new CFrame(-598.62323, 43.8984985, -403.683197, 0.318903118, -0.125703886, -0.939414382, 0.155191407, 0.984713912, -0.0790826082, 0.934995413, -0.120569378, 0.333536506),
    new CFrame(-599.691895, 45.2602692, -391.081116, 0.213612288, 0.077688016, -0.97382462, -0.501784027, 0.86401403, -0.0411405712, 0.838202, 0.497437745, 0.223546609),
    new CFrame(-595.710388, 45.6079254, -421.180695, -0.944135725, -0.315708429, -0.094530046, -0.322831184, 0.943657398, 0.0727372617, 0.0662402138, 0.0991910845, -0.992861211),
    new CFrame(-596.50885, 44.8177643, -416.66687, -0.924757838, -0.199164391, -0.324278563, -0.163795218, 0.977456331, -0.133229867, 0.34350279, -0.0700900778, -0.936532557),
    new CFrame(-596.553833, 44.6247253, -409.262329, -0.899657965, 0.149900258, 0.410055429, 0.150913209, 0.988088429, -0.0301043335, -0.409683704, 0.0347991735, -0.911563635),
    new CFrame(-595.271179, 49.9702454, -341.850433, 0.658961415, 0.257511109, -0.706723332, -0.379512191, 0.925034165, -0.0168061778, 0.649415433, 0.279284745, 0.707290411),
    new CFrame(-653.441284, 36.4373016, -314.231964, 0.977297127, -0.187844604, 0.0980038419, 0.138537467, 0.916527033, 0.375213981, -0.160305098, -0.35311833, 0.921742737),
    new CFrame(-656.36676, 35.9694214, -305.411652, 0.366144478, -0.0719040111, 0.92777586, 0.402631491, 0.911094606, -0.0882863477, -0.838943481, 0.405877322, 0.362543106),
    new CFrame(-653.159912, 36.1048737, -295.695435, -0.945050359, -0.12601006, 0.301664144, -0.242572755, 0.888892174, -0.388624638, -0.219176307, -0.440445364, -0.870614529),
    new CFrame(-650.514954, 36.5756073, -322.985352, 0.297967166, -0.0160252098, -0.954441607, 0.329453558, 0.94014883, 0.0870668814, 0.895921886, -0.340387225, 0.285413027),
    new CFrame(-652.841553, 36.6523285, -309.393311, 0.7263574, -0.0838496387, -0.682183325, 0.201286256, 0.974964917, 0.0944838449, 0.657182395, -0.205943167, 0.725050807),
    new CFrame(-650.775696, 37.1052856, -304.993896, -0.324330956, -0.072273545, -0.943178654, -0.0136794597, 0.997331023, -0.0717191547, 0.945844769, -0.0103585571, -0.32445398),
    new CFrame(-647.303284, 36.3229828, -329.193726, -0.378265858, -0.118400253, 0.91809386, -0.268106401, 0.96329093, 0.013765906, -0.886021376, -0.240939692, -0.396123976),
    new CFrame(-645.235901, 37.2086029, -325.239868, -0.133827373, -0.0235338174, -0.99072516, -0.0285114646, 0.999395609, -0.0198884383, 0.990594447, 0.025585413, -0.134417474),
    new CFrame(-645.75, 37.3496399, -292.113251, 0.295149326, -0.0174751077, -0.955291331, 0.25230208, 0.965768754, 0.060285151, 0.921537042, -0.25881511, 0.289455026),
    new CFrame(-641.87854, 38.495575, -292.341309, -0.860044539, -0.298577189, -0.413733095, -0.413317323, 0.883151054, 0.221840069, 0.299152434, 0.361795396, -0.882956386),
    new CFrame(-644.815491, 37.450531, -274.36084, -0.547543406, -0.140008688, -0.824981093, -0.275521666, 0.961091876, 0.0197566412, 0.790116489, 0.238117784, -0.564814925),
    new CFrame(-637.747498, 39.6480408, -306.238068, -0.800220132, -0.139071032, 0.583358407, -0.158754319, 0.987161875, 0.0175658986, -0.578312099, -0.0785540789, -0.812024891),
    new CFrame(-639.188538, 39.3990479, -299.831268, 0.361364096, -0.103572562, -0.926654577, 0.534484267, 0.837339818, 0.114841066, 0.764030397, -0.536781788, 0.357942462),
    new CFrame(-639.86377, 39.2099304, -295.441162, -0.495577842, -0.162786871, 0.853172302, -0.291933149, 0.956351697, 0.0128999595, -0.818032742, -0.242676362, -0.521469653),
    new CFrame(-637.990173, 39.580246, -284.783051, -0.873239458, 0.219841734, 0.434882194, 0.289864063, 0.951731622, 0.100924842, -0.391703665, 0.214188278, -0.894813776),
    new CFrame(-635.433777, 39.6175537, -321.347931, -0.446099639, -0.188331932, -0.874943554, -0.579841673, 0.80550462, 0.122253507, 0.68174684, 0.561865985, -0.468538016),
    new CFrame(-633.43811, 40.6905975, -292.709808, -0.961255848, -0.221410662, 0.164208695, -0.226199791, 0.974020779, -0.0108233681, -0.157546282, -0.047547996, -0.986366272),
    new CFrame(-634.397949, 40.5088348, -283.46228, -0.808154762, -0.0104662422, -0.588877141, -0.163831905, 0.964375913, 0.207697228, 0.565725088, 0.26432839, -0.78107971),
    new CFrame(-636.323059, 40.0250702, -278.472229, 0.585561991, -0.226730824, -0.77827394, 0.627510071, 0.734574974, 0.258129239, 0.513174713, -0.639525414, 0.572415054),
    new CFrame(-634.57489, 40.34729, -268.829193, -0.757422507, 0.0127536207, -0.6528005, -0.231908932, 0.929363012, 0.287232876, 0.61035192, 0.36894691, -0.700962722),
    new CFrame(-630.130737, 42.0276489, -308.094849, 0.353470981, 0.115779504, -0.928252876, -0.521296024, 0.848326564, -0.0926947594, 0.776729465, 0.516659439, 0.360214233),
    new CFrame(-632.903381, 40.955368, -303.113922, 0.844312012, -0.255270272, -0.471141577, 0.234674037, 0.966584921, -0.103158563, 0.481731653, -0.0234666988, 0.876004517),
    new CFrame(-631.501343, 41.4345245, -299.083527, -0.29450193, -0.0386828482, -0.954867661, 0.0638597906, 0.996150434, -0.0600510053, 0.953514814, -0.0786627829, -0.290897936),
    new CFrame(-630.492126, 41.3018188, -287.165436, 0.983317971, 0.158274442, 0.0896380767, -0.1131659, 0.918140888, -0.379751056, -0.142405272, 0.363272071, 0.920735657),
    new CFrame(-630.007874, 42.0231171, -270.22287, 0.226076111, 0.0229161233, -0.973840058, -0.460777611, 0.883321226, -0.0861830562, 0.858238637, 0.468207598, 0.210257083),
    new CFrame(-631.455383, 40.4316864, -261.896973, 0.0158734322, -8.78276187e-05, 0.999873996, 0.183320865, 0.983049035, -0.00282394863, -0.982924938, 0.183342591, 0.0156204645),
    new CFrame(-629.593018, 39.8526306, -252.201797, -0.974301815, -0.22127068, 0.0421348326, -0.195132747, 0.922584772, 0.332807124, -0.112513423, 0.316032708, -0.942053139),
    new CFrame(-625.481995, 42.94104, -285.096222, 0.428090721, 0.0839316025, 0.899829865, 0.198791444, 0.962546051, -0.184355751, -0.881600976, 0.257799447, 0.395372152),
    new CFrame(-628.14447, 42.4809265, -279.41687, 0.631840646, -0.250164837, 0.733617723, 0.089168936, 0.963659704, 0.251811296, -0.769952178, -0.0936886668, 0.631186306),
    new CFrame(-627.532349, 41.837265, -265.049377, -0.858889341, -0.240956724, -0.451938987, -0.10382089, 0.94600749, -0.307068467, 0.501527846, -0.216817141, -0.837532163),
    new CFrame(-625.102478, 40.9040833, -254.173492, -0.936134696, -0.131026834, 0.326318443, -0.0110432953, 0.93848294, 0.345148861, -0.351468056, 0.319502205, -0.879993439),
    new CFrame(-622.188538, 44.0500183, -301.294403, 0.998294711, 0.036597386, 0.0454786979, -0.0388420783, 0.998018801, 0.0494949035, -0.0435772128, -0.0511769839, 0.997738421),
    new CFrame(-621.264587, 44.1559601, -294.568024, 0.793596447, -0.146524876, 0.590537965, 0.128252491, 0.989047468, 0.0730509013, -0.594773889, 0.0177650303, 0.803696811),
    new CFrame(-623.463257, 43.417038, -287.981628, 0.594333708, -0.040680822, -0.80318892, 0.185480356, 0.978728592, 0.0876776949, 0.782537162, -0.201085597, 0.589236915),
    new CFrame(-618.23761, 44.0671692, -309.781372, -0.186894923, 0.0184003469, -0.982207596, -0.317105293, 0.945173621, 0.0780455023, 0.929792762, 0.326049507, -0.170813292),
    new CFrame(-620.42041, 43.9747009, -306.944122, -0.219314888, -0.0465856306, -0.974541306, 0.0283418745, 0.9981336, -0.0540915765, 0.975242376, -0.0394834131, -0.217585236),
    new CFrame(-620.820129, 43.7901154, -274.563629, -0.82837081, 0.38102904, 0.410632014, 0.261373281, 0.911250412, -0.318287134, -0.495465249, -0.156331554, -0.854444087),
    new CFrame(-620.53009, 43.3884583, -265.6474, 0.13443695, 0.0449283868, -0.989903092, -0.0799578577, 0.996205986, 0.0343555249, 0.987690985, 0.0745318681, 0.137519285),
    new CFrame(-620.510925, 42.8022003, -259.33374, -0.268396735, -0.0509189554, 0.961961746, -0.327234864, 0.94403863, -0.0413314849, -0.906024575, -0.325880677, -0.27003935),
    new CFrame(-613.628967, 46.2677917, -302.208313, 0.926884353, 0.373850286, 0.0334860198, -0.346572459, 0.886672556, -0.306103379, -0.144127965, 0.272117108, 0.951409161),
    new CFrame(-614.379517, 45.8133087, -285.189209, 0.100750409, -0.00241774949, -0.99490881, 0.214601099, 0.976509869, 0.0193587504, 0.971491516, -0.21545893, 0.0989026204),
    new CFrame(-616.25238, 44.2081604, -267.221832, 0.640715718, 0.250121802, 0.725894272, -0.46743691, 0.877110779, 0.110359892, -0.609086335, -0.4100191, 0.678894818),
    new CFrame(-613.773682, 44.6436157, -263.878204, 0.522223175, 0.0388008282, -0.851925731, -0.06975016, 0.997560918, 0.00267751049, 0.849951684, 0.0580236912, 0.523655772),
    new CFrame(-616.217468, 43.1689911, -250.52388, 0.832747221, -0.238012403, -0.499882221, 0.344979852, 0.929246604, 0.132248744, 0.433036983, -0.282579064, 0.855936944),
    new CFrame(-610.089417, 47.0751801, -303.822418, 0.738983572, 0.322238296, -0.591663539, -0.345427334, 0.935206115, 0.077905938, 0.578431666, 0.146805555, 0.802411914),
    new CFrame(-610.134033, 46.5636139, -272.701202, -0.276108652, -0.0433605164, 0.960147858, 0.00637944043, 0.998877168, 0.0469440781, -0.961105227, 0.0190868825, -0.275522023),
    new CFrame(-610.64917, 46.1420746, -268.143585, 0.597026289, 0.16353704, 0.785375893, -0.427866787, 0.893042982, 0.13929902, -0.678593874, -0.419201434, 0.603142202),
    new CFrame(-611.352051, 44.6526184, -256.90802, -0.586771131, 0.19185999, -0.786695242, 0.364976108, 0.929907441, -0.0454374403, 0.722836077, -0.313786328, -0.615667164),
    new CFrame(-610.878967, 44.4525757, -252.155258, -0.895956516, -0.368978947, -0.247217447, -0.375694752, 0.926499903, -0.0212477334, 0.236886904, 0.0738412514, -0.968727052),
    new CFrame(-611.382263, 44.0004883, -246.694183, 0.905929089, 0.417779654, -0.0689396113, -0.384211332, 0.879485488, 0.280868202, 0.177972421, -0.227959305, 0.957267165),
    new CFrame(-606.400574, 49.8449249, -290.752777, 0.0797759891, 0.0162208844, -0.996680856, -0.570188224, 0.820879698, -0.0322790742, 0.817631543, 0.570870757, 0.0747354478),
    new CFrame(-608.349792, 47.4376831, -280.351471, 0.090498738, -0.00266769249, 0.995893002, 0.345200449, 0.938085318, -0.0288561936, -0.934155643, 0.346394151, 0.0858164206),
    new CFrame(-607.647583, 46.9456635, -263.95108, 0.864393473, 0.386196822, 0.32198751, -0.468781054, 0.850567102, 0.238285601, -0.181846827, -0.356914163, 0.916266322),
    new CFrame(-605.836243, 47.1548767, -259.576599, -0.824933708, 0.321984828, -0.464553744, 0.385728538, 0.921449959, -0.0462972671, 0.413156033, -0.217383817, -0.884333909),
    new CFrame(-602.29834, 48.7798767, -303.273804, 0.779114902, 0.312997103, 0.543150723, -0.245060012, 0.949557006, -0.195670694, -0.576996982, 0.0193454325, 0.816517115),
    new CFrame(-604.444946, 49.7800293, -294.350281, -0.234411359, -0.0799622908, -0.968843281, 0.0446697772, 0.994672716, -0.0929019377, 0.971110642, -0.0650553405, -0.229590699),
    new CFrame(-601.847351, 51.0907593, -283.736328, 0.996890783, -0.0555642992, 0.0558701567, 0.0407443047, 0.970390975, 0.238078281, -0.067444548, -0.235061631, 0.969637692),
    new CFrame(-603.381958, 48.3379059, -271.037811, -0.994590819, -0.0180607457, 0.102288947, -0.017297402, 0.999815583, 0.00834477413, -0.102420792, 0.00653030258, -0.994719744),
    new CFrame(-603.282288, 47.9943695, -263.340057, -0.996425211, 0.0470333956, -0.0701757669, 0.0407035574, 0.995194912, 0.0890527219, 0.0740270168, 0.0858779773, -0.993551672),
    new CFrame(-604.710754, 47.257782, -251.263092, -0.238032624, -0.0237930529, 0.970965683, -0.112232402, 0.99367696, -0.00316423527, -0.964750946, -0.109727003, -0.239197865),
    new CFrame(-600.862488, 51.4819183, -294.54422, -0.567987263, 0.0851176754, -0.818624079, -0.0109737664, 0.993766248, 0.110942297, 0.822964132, 0.0719972178, -0.563512564),
    new CFrame(-599.114807, 53.1333466, -291.13559, -0.965945125, -0.0266298223, -0.257373065, -0.088464722, 0.968736529, 0.231783316, 0.243154347, 0.2466584, -0.938102126),
    new CFrame(-596.921448, 52.2515411, -296.992188, -0.481810242, -0.159319729, -0.861670554, -0.425113559, 0.902361929, 0.0708623528, 0.766248941, 0.400450051, -0.502496183),
    new CFrame(-596.125916, 51.561142, -269.305267, 0.250404388, 0.0317558832, 0.967620373, 0.265371114, 0.958931327, -0.100144438, -0.931061625, 0.281855106, 0.231693506),
    new CFrame(-591.509338, 54.8261414, -278.472534, -0.900805354, -0.252576917, 0.353206128, -0.233876556, 0.967570961, 0.0954367295, -0.365857124, 0.00336329639, -0.930664897),
    new CFrame(-591.887634, 53.804657, -269.85614, 0.931430519, 0.327411443, -0.158867434, -0.342442542, 0.936285317, -0.0781213865, 0.123167396, 0.127167612, 0.984204352),
    new CFrame(-646.224609, 38.2117462, -211.251022, 0.310056955, -0.103490002, -0.945068538, 0.303539962, 0.95280683, -0.00475236494, 0.900959611, -0.285392582, 0.326837748),
    new CFrame(-646.581665, 38.0652008, -202.621643, 0.985732913, 0.16742833, 0.0172740221, -0.156687751, 0.950266778, -0.269150496, -0.0614783466, 0.262603879, 0.962943196),
    new CFrame(-644.401123, 38.54953, -199.531326, -0.526377738, -0.0243592542, 0.849901855, 0.0337923802, 0.998200357, 0.049538631, -0.849579096, 0.05479623, -0.524607301),
    new CFrame(-640.62616, 39.123291, -217.557587, -0.285563022, -0.00639177021, 0.958338618, -0.22174184, 0.97328335, -0.0595825575, -0.932354212, -0.229518354, -0.279351056),
    new CFrame(-638.83313, 38.6724091, -177.084503, -0.336568922, 0.0277769975, 0.941249073, 0.00948396325, 0.99961412, -0.0261081494, -0.941611111, 0.000139571726, -0.336702466),
    new CFrame(-637.685974, 37.2499542, -159.819946, -0.367168009, 0.0837102756, 0.926380157, -0.0241909027, 0.994745851, -0.0994759798, -0.929840028, -0.0589343756, -0.363213807),
    new CFrame(-635.73468, 40.043396, -219.585495, 0.782362461, -0.311661154, 0.539236784, 0.292155683, 0.948273003, 0.12419077, -0.550049186, 0.0603788942, 0.832946777),
    new CFrame(-635.567871, 40.2076874, -216.263107, -0.573065042, 0.152974814, 0.805105686, 0.199695081, 0.978876352, -0.0438515805, -0.794807136, 0.135645837, -0.59150809),
    new CFrame(-633.311584, 40.7670441, -196.079926, -0.498334378, -0.162099019, -0.851696432, -0.135935128, 0.984824538, -0.107899889, 0.856261969, 0.0620052069, -0.512806833),
    new CFrame(-634.701904, 40.0756531, -189.583038, 0.627563536, -0.158149138, -0.76233381, 0.165115207, 0.983914018, -0.0681917518, 0.760855377, -0.0830782503, 0.64358139),
    new CFrame(-635.568665, 39.5233765, -181.391861, -0.359530389, -0.0867983252, -0.929087698, 0.0823528618, 0.988827944, -0.12424764, 0.929492295, -0.121183828, -0.348365575),
    new CFrame(-636.546997, 39.2329102, -178.695419, 0.8433339, 0.0925070345, 0.529367924, -0.307250679, 0.891185224, 0.333745182, -0.440891117, -0.444107264, 0.7799896),
    new CFrame(-633.451782, 39.5010681, -172.281738, -0.978669763, -0.0343976803, -0.202539816, -0.0164832696, 0.995852172, -0.0894803256, 0.204777628, -0.0842331648, -0.975177407),
    new CFrame(-633.931213, 38.1486053, -149.020416, -0.850060523, -0.00581851276, -0.526652873, 0.203518569, 0.918640256, -0.338644743, 0.485774934, -0.395052165, -0.779715657),
    new CFrame(-634.335022, 38.3638458, -140.04129, -0.922340453, 0.23524633, -0.306508332, 0.183012396, 0.964644611, 0.189650252, 0.340286136, 0.118827268, -0.932783723),
    new CFrame(-630.609497, 42.0883636, -213.318405, -0.568599164, -0.00367506128, -0.822606504, -0.168323368, 0.97935158, 0.111972541, 0.805209458, 0.202131391, -0.557477057),
    new CFrame(-631.025574, 42.182663, -205.648666, -0.653364062, 0.0600282103, -0.754660189, 0.148356706, 0.98767519, -0.0498801619, 0.742364943, -0.144548818, -0.654217064),
    new CFrame(-629.50592, 41.1401215, -186.16301, -0.155668318, -0.0606045313, 0.985948503, -0.714445651, 0.696179807, -0.0700086281, -0.682154536, -0.715304732, -0.151671767),
    new CFrame(-631.84845, 39.9903717, -177.609482, 0.159583002, 0.0420553312, 0.986288309, 0.0622039437, 0.996678352, -0.0525630601, -0.985222816, 0.0697391629, 0.15643692),
    new CFrame(-630.873535, 39.9307251, -165.792969, 0.490453452, -0.204724416, 0.847079277, 0.51348567, 0.853249788, -0.0910891891, -0.704122007, 0.47963807, 0.523602366),
    new CFrame(-632.729919, 39.0698242, -159.235123, 0.977248311, 0.100249872, 0.186911091, -0.155606195, 0.937706351, 0.310634017, -0.144126713, -0.332651079, 0.931971431),
    new CFrame(-629.508484, 39.6697998, -154.342163, -0.250604212, -0.0618665218, 0.966110766, 0.074539721, 0.993760228, 0.0829723254, -0.965215683, 0.092806831, -0.244428977),
    new CFrame(-629.978271, 39.3116455, -142.259537, -0.779878855, 0.0149096418, -0.625752866, 0.0699417591, 0.995531201, -0.0634485111, 0.622010529, -0.0932484046, -0.777436554),
    new CFrame(-631.590759, 39.2472687, -137.731384, -0.257669449, -0.0115721347, -0.966163814, -0.361040652, 0.928653121, 0.0851642713, 0.896245599, 0.370768636, -0.243463561),
    new CFrame(-628.297974, 42.2861023, -220.256638, 0.246884629, -0.103103071, -0.963544369, 0.559447229, 0.827049315, 0.054847084, 0.791243792, -0.552593172, 0.26186651),
    new CFrame(-626.301208, 43.4467926, -215.86171, -0.287915081, 0.0558872893, 0.956023812, -0.190264985, 0.975056291, -0.114299878, -0.938564956, -0.214806497, -0.270099998),
    new CFrame(-626.031433, 43.2494354, -196.872116, -0.420861572, -0.186224595, 0.887804031, -0.56891942, 0.816481531, -0.0984309241, -0.706545353, -0.54651475, -0.449572474),
    new CFrame(-627.934998, 42.0361938, -191.890381, -0.870393455, -0.325471252, 0.369437009, -0.188979566, 0.913714409, 0.35973981, -0.454644918, 0.243299127, -0.85679847),
    new CFrame(-628.855408, 40.5944214, -162.96167, -0.990377665, -0.100065969, 0.0955973566, -0.0888814852, 0.989399135, 0.114845626, -0.106076077, 0.105243713, -0.98877281),
    new CFrame(-624.774719, 44.0283356, -209.712936, -0.930418074, 0.100538574, -0.352440298, 0.185821652, 0.958278179, -0.217193931, 0.315899491, -0.267572194, -0.910281599),
    new CFrame(-624.217285, 43.6634521, -192.775406, -0.858964503, -0.227686539, -0.458627135, -0.0483935922, 0.927784681, -0.369964391, 0.509743094, -0.295591652, -0.807952702),
    new CFrame(-621.651245, 43.5805511, -178.258575, -0.963139355, 0.0210329723, 0.268179327, 0.0616042018, 0.987690091, 0.143782064, -0.261853874, 0.155003145, -0.952578902),
    new CFrame(-624.090088, 42.1610565, -158.434464, -0.99485904, -0.0873491317, -0.0512393676, -0.100435406, 0.915827811, 0.388808608, 0.0129643418, 0.391956031, -0.919892609),
